45689
8935281509183
8935281509190
8935281509206
8935281515672
8935281515665
8935281515658
8935281515580
8935281515566
8935281515573
1104000003264
1104000003268
1104000003263
1104000003262
8935281517478
8935281517522
8935281517577
8935281517461
8935281517515
8935281517560
8935281517454
8935281517508
8935281517553
8935281517447
8935281517492
8935281517546
8935281517430
8935281517485
8935281517539
8935281515108
8935281515054
8935281515009
8935281514958
8935281515092
8935281515047
8935281514996
8935281514941
8935281515085
8935281515030
8935281514989
8935281514934
8935281515078
8935281515023
8935281514972
8935281514927
8935281515061
8935281515016
8935281514965
8935281514910
8935281511230
8935281511223
8935281511216
8935281509039
8935281509053
8935281509046
8935281500692
8935281500715
8935281500708
8935281515559
8935281515535
8935281515542
8935281515511
8935281515504
8935281515528
1101000003159
1101000003158
1101000003157
8935281516877
8935281516921
8935281516976
8935281516860
8935281516914
8935281516969
8935281516853
8935281516907
8935281516952
8935281516846
8935281516891
8935281516945
8935281516839
8935281516884
8935281516938
8935281508926
8935281508919
8935281508933
8935281511551
8935281511650
8935281511605
8935281511544
8935281511643
8935281511599
8935281511537
8935281511636
8935281511582
8935281511520
8935281511629
8935281511575
8935281511513
8935281511612
8935281511568
1104000003694
1104000003693
1104000003692
1104000003691
1104000003690
8935281501019
8935281500999
8935281501002
8935281510981
8935281510998
8935281510974
8935281503662
8935281503679
8935281503686
45689
8935281509183
8935281509190
8935281509206
8935281515672
8935281515665
8935281515658
8935281515580
8935281515566
8935281515573
1104000003264
1104000003268
1104000003263
1104000003262
8935281517478
8935281517522
8935281517577
8935281517461
8935281517515
8935281517560
8935281517454
8935281517508
8935281517553
8935281517447
8935281517492
8935281517546
8935281517430
8935281517485
8935281517539
8935281515108
8935281515054
8935281515009
8935281514958
8935281515092
8935281515047
8935281514996
8935281514941
8935281515085
8935281515030
8935281514989
8935281514934
8935281515078
8935281515023
8935281514972
8935281514927
8935281515061
8935281515016
8935281514965
8935281514910
8935281511230
8935281511223
8935281511216
8935281509039
8935281509053
8935281509046
8935281500692
8935281500715
8935281500708
8935281515559
8935281515535
8935281515542
8935281515511
8935281515504
8935281515528
1101000003159
1101000003158
1101000003157
8935281516877
8935281516921
8935281516976
8935281516860
8935281516914
8935281516969
8935281516853
8935281516907
8935281516952
8935281516846
8935281516891
8935281516945
8935281516839
8935281516884
8935281516938
8935281508926
8935281508919
8935281508933
8935281511551
8935281511650
8935281511605
8935281511544
8935281511643
8935281511599
8935281511537
8935281511636
8935281511582
8935281511520
8935281511629
8935281511575
8935281511513
8935281511612
8935281511568
1104000003694
1104000003693
1104000003692
1104000003691
1104000003690
8935281501019
8935281500999
8935281501002
8935281510981
8935281510998
8935281510974
8935281503662
8935281503679
8935281503686
8935281515184
8935281515177
8935281515191
8935281515498
8935281515481
8935281515474
8935281515207
8935281515221
8935281515214
8935281515276
8935281515283
8935281515269
8935281515399
8935281515382
8935281515405
8935281500616
8935281500609
8935281500623
8935281510493
8935281510486
8935281510479
8935281510462
8935281510455
8935281510448
8935281510431
8935281510424
8935281510417
8935281510400
8935281510547
8935281510530
8935281510523
8935281510516
8935281510509
8935281515429
8935281515436
8935281515412
8935281515139
8935281500654
8935281500647
8935281500630
8935281515245
8935281515252
8935281515238
8935281513609
8935281513593
8935281513579
8935281513562
8935281513463
8935281513555
8935281513548
8935281513531
8935281513517
8935281510745
8935281510738
8935281510721
8935281510714
8935281510707
8935281510790
8935281510783
8935281510776
8935281510769
8935281510752
8935281510844
8935281510837
8935281510820
8935281510813
8935281510806
8935281512756
8935281512749
8935281512732
8935281512718
8935281512855
8935281512831
8935281512824
8935281512817
8935281512800
8935281512794
8935281512787
8935281512770
8935281512763
8935281515450
8935281515467
8935281515443
8935281509442
8935281509435
8935281509428
8935281509411
8935281509404
8935281509343
8935281509336
8935281509329
8935281509312
8935281509305
8935281509398
8935281509381
8935281509374
8935281509367
8935281509350
8935281514408
8935281514392
8935281514385
8935281514378
8935281514361
8935281514453
8935281514446
8935281514439
8935281514422
8935281514415
8935281515290
8935281515313
8935281515306
8935281510592
8935281510585
8935281510578
8935281510561
8935281510554
8935281510691
8935281510684
8935281510677
8935281510660
8935281510653
8935281510646
8935281510639
8935281510622
8935281510615
8935281510608
8935281515160
8935281515153
8935281515146
8935281503518
8935281503501
8935281503495
8935281503488
8935281503471
8935281503563
8935281503556
8935281503549
8935281503532
8935281503525
8935281503464
8935281503457
8935281503440
8935281503433
8935281503426
1104000003659
1104000003649
1104000003654
1104000003658
1104000003648
1104000003653
1104000003657
1104000003647
1104000003652
1104000003656
1104000003646
1104000003651
1104000003655
1104000003645
1104000003650
1101000002932
1101000002938
1101000002944
1101000002937
1101000002943
1101000002949
1101000002936
1101000002942
1101000002948
1101000002935
1101000002941
1101000002947
1101000002934
1101000002940
1101000002946
1101000002933
1101000002939
1101000002945
8935281511094
8935281511117
8935281511100
1103000002080
1103000002084
1103000002089
1103000002083
1103000002076
1103000002088
1103000002082
1103000002075
1103000002087
1103000002081
8935281509015
8935281509022
8935281509008
8935281500791
8935281500807
8935281502863
8935281502856
8935281502849
8935281502832
8935281502962
8935281502955
8935281502948
8935281502931
8935281502924
8935281502917
8935281502900
8935281502894
8935281502887
8935281502870
1104000003350
1104000003355
1104000003345
1104000003349
1104000003354
1104000003344
1104000003348
1104000003353
1104000003343
1104000003347
1104000003352
1104000003342
1104000003346
1104000003351
1104000003341
1101000003192
1101000003186
1101000003180
1101000003188
1101000003182
1101000003185
1101000003196
1101000003190
1101000003184
1101000003195
1101000003189
1101000003183
8935281502009
8935281501996
8935281501989
8935281501972
8935281501965
8935281501958
8935281501941
8935281501934
8935281501927
8935281501910
8935281501903
8935281501897
8935281501880
8935281501873
8935281501866
8935281501859
8935281501842
8935281501835
1101000002781
1101000002775
1101000002785
1101000002780
1101000002774
1101000002784
1101000002779
1101000002773
1101000002783
1101000002778
8935281500159
8935281500104
8935281500142
8935281500098
8935281500135
8935281500081
8935281500128
8935281500074
8935281500111
8935281500067
1101000002825
1101000002824
1101000002823
1101000002830
1101000002829
1101000002828
1101000002820
1101000002819
1101000002818
8935281509060
8935281509084
8935281509077
1101000002691
1101000002690
1101000002689
1101000002686
1101000002685
1101000002651
1101000002650
1101000002649
1101000002648
1301000000166
8935281508698
8935281508674
8935281508681
1101000002900
1101000002894
1101000002889
1101000002899
1101000002893
1101000002888
1101000002898
1101000002892
1101000002887
1101000002897
1104000003493
1104000003492
1104000003491
1104000003489
1104000003488
1104000003487
1104000003486
1104000003123
1104000003122
1104000003118
1104000003116
1104000003113
1104000003112
1104000003111
1104000002847
1104000002845
1104000002837
1104000002836
1104000002835
1104000002843
1104000002842
1104000002841
1104000002840
1104000002067
1104000002073
1104000002072
1104000002071
1101000003324
1101000003323
1101000003322
1101000003321
1101000003320
1101000003329
1101000003328
1101000003327
1101000003326
1101000003325
1101000003319
1101000003318
1101000003317
1101000003316
1101000003315
1104000003303
1104000003309
1104000003308
1104000003307
1104000003306
1104000003054
1104000003053
1104000003052
1104000003064
1104000003063
1104000003062
1101000002731
1101000002730
1101000002728
1101000002740
1101000002739
1101000002736
1101000002735
1101000002734
1101000002733
1104000002817
1104000002816
1104000003148
1101000002340
1101000002339
1101000002336
1101000002335
1101000002334
1104000002782
1104000002777
1104000002776
1104000002788
1104000002787
1104000002786
1104000002785
1101000002011
1101000002010
1101000002873
1101000002872
1101000002871
1101000002870
1101000003036
1101000003035
1101000002557
1101000002556
1101000002555
1101000002554
1101000002561
1101000002560
1101000002559
1101000002551
1101000002550
1101000002549
1101000002548
1104000002623
1104000002616
1104000002615
1104000002614
1104000002613
1104000002612
1101000002686
1101000002685
1101000002684
1101000002696
1101000002695
1101000002694
1101000002693
1104000002190
1104000002197
1104000002195
1104000002187
1104000002186
1104000002185
1104000002184
1101000002239
1101000002238
1101000002237
1101000002236
1101000002906
1101000002904
1101000002903
1101000002916
1101000002915
1101000002914
1101000002913
1101000002912
1101000002911
1101000002910
1101000002909
1101000002908
1101000002907
1107000000127
1107000000126
1107000000125
1107000000124
1107000000123
1107000000207
1107000000206
1107000000205
1107000000204
1107000000203
1101000003126
1101000003125
1101000003124
1101000003123
1101000003122
1101000003121
1101000003120
1101000003119
1101000003118
1101000003117
1101000003115
1101000003114
1101000003113
1101000003112
1104000002654
1104000002652
1104000002651
1104000002659
1104000002658
1104000002657
1104000002656
1104000002655
1104000002649
1104000002648
1104000002647
1104000002646
1104000002645
1104000003458
1104000003457
1104000003456
1104000003469
1104000003468
1104000003467
1104000003466
1103000001843
1103000001850
1103000001849
1103000001848
1104000002768
1104000002767
1104000002766
1104000002765
1104000002763
1104000002762
1104000002761
1104000002760
1104000002773
1104000002772
1104000002770
1101000002920
1101000002919
1101000002918
1101000002917
1101000002925
1101000002924
1101000002923
1101000002922
1101000002931
1101000002930
1101000002929
1101000002928
1101000002927
1104000003608
1104000003607
1104000003606
1104000003605
1104000003604
1104000003603
1104000003602
1104000003601
1104000003600
1104000003599
1103000002338
1103000002337
1103000002336
1103000002335
1103000002334
1103000002333
1103000002332
1103000002331
1103000002330
1103000002329
1103000002343
1103000002342
1103000002341
1103000002340
1103000002339
1104000002798
1104000002797
1104000002796
1104000002795
1104000003623
1104000003622
1104000003621
1104000003620
1104000003619
1104000003617
1104000003616
1104000003615
1104000003614
1104000003613
1104000003612
1104000003611
1104000003610
1104000003609
1104000003563
1104000003562
1104000003561
1104000003560
1104000003559
1104000003552
1104000003551
1104000003550
1104000003549
1104000003558
1104000003557
1104000003556
1104000003555
1104000003554
1104000001015
1104000001014
1104000001013
1104000001012
1104000001011
1104000003593
1104000003592
1104000003591
1104000003590
1104000003589
1104000003583
1104000003582
1104000003581
1104000003580
1104000003579
1104000003587
1104000003586
1107000000217
1107000000216
1107000000215
1107000000214
1107000000213
1107000000147
1107000000146
1107000000145
1107000000144
1107000000143
1107000000142
1107000000141
1107000000140
1107000000139
1107000000138
1104000002859
1104000002858
1104000002856
1104000002864
1104000002863
1104000002862
1104000002861
1104000002860
8935281503211
8935281503204
8935281503198
8935281503181
8935281503174
8935281503266
8935281503259
8935281503242
8935281503235
8935281503228
8935281503167
8935281503150
8935281503143
8935281503136
8935281503129
1104000003129
1104000003128
1104000003127
1104000003126
1104000003139
1104000003138
1104000003137
1104000003136
1104000003485
1104000003484
1104000003483
1104000003482
1104000003481
1104000003480
1104000003479
1104000003478
1104000003477
1104000003476
1104000003475
1104000003474
1104000003473
1104000003472
1104000003471
1101000002906
1101000002904
1101000002903
1101000002916
1101000002915
1101000002914
1101000002913
1101000002912
1101000002911
1101000002910
1101000002909
1101000002908
1101000002907
1101000003126
1101000003125
1101000003124
1101000003123
1101000003122
1101000003121
1101000003120
1101000003119
1101000003118
1101000003117
1101000003115
1101000003114
1101000003113
1101000003112
1401000000496
1401000000495
1401000000494
8935281500425
8935281500449
8935281500432
1104000002797
1104000002796
1104000002795
1402000000379
1402000000380
1402000000381
8935281500920
8935281500906
8935281500913
1101000002587
1101000002586
1101000002585
1101000002584
1101000002583
1101000002592
1101000002591
1101000002590
1101000002589
1101000002588
1101000002581
1101000002580
1101000002579
1101000002578
1104000003593
1104000003592
1104000003591
1104000003590
1104000003589
1104000003583
1104000003582
1104000003581
1104000003580
1104000003579
1104000003587
1104000003586
1104000003585
1104000003584
1101000003208
1101000003207
1101000003206
1101000003205
1401000000487
1401000000486
1401000000485
1104000003527
1104000003526
1104000003525
1104000003524
1104000003523
1104000003533
1104000003532
1104000003531
1104000003530
1104000003529
1104000003521
1104000003520
1104000003519
1104000003518
1104000003517
1103000002207
1103000002206
1103000002205
1103000002204
1103000002203
1103000002217
1103000002216
1103000002215
1103000002214
1103000002213
1103000002212
1103000002211
1103000002210
1103000002209
1103000002208
1107000000272
1107000000271
1107000000270
1107000000269
1107000000268
1107000000277
1107000000276
1107000000275
1107000000274
1107000000273
1107000000267
1107000000266
1107000000265
1107000000264
1107000000263
1104000003339
1104000003338
1104000003337
1104000003336
1104000003333
1104000003332
1104000003331
1104000003329
1104000003328
1104000003327
1104000003326
1402000000387
8935281500494
8935281500500
8935281500487
1404000000147
1404000000146
1404000000148
8935281501101
8935281501088
8935281501095
1103000002262
1103000002261
1103000002260
1103000002259
1103000002258
1103000002252
1103000002251
1103000002250
1103000002249
1103000002248
1103000002257
1103000002256
1103000002255
1103000002254
1103000002253
1104000003689
1104000003688
1104000003687
1104000003686
1104000003685
1104000003679
1104000003678
1104000003677
1104000003676
1104000003675
1104000003684
1104000003683
1104000003682
1104000003681
1104000003680
1401000000505
1401000000503
1401000000504
1402000000397
1402000000398
1402000000399
1301000000239
1401000000459
1401000000479
1401000000481
1401000000480
1107000000342
1107000000341
1107000000340
1107000000339
1107000000338
1107000000347
1107000000346
1107000000345
1107000000344
1107000000343
1107000000352
1107000000351
1107000000350
1107000000349
1107000000348
1103000002170
1103000002169
1103000002168
1103000002183
1103000002182
1103000002181
1103000002180
1103000002177
1103000002176
1103000002175
1103000002174
1107000000252
1107000000251
1107000000250
1107000000249
1107000000248
1107000000247
1107000000246
1107000000245
1107000000244
1107000000243
1107000000257
1107000000256
1107000000255
1107000000254
1107000000253
1104000003419
1104000003418
1104000003417
1104000003416
1104000003429
1104000003428
1104000003427
1104000003426
1104000003424
1104000003423
1104000003422
1104000002824
1104000002823
1104000002822
1104000002821
1104000002820
1104000002828
1104000002827
1104000002826
1104000002825
1104000002834
1104000002833
1104000002832
1104000002831
1104000002830
1402000000370
1104000003567
1104000003566
1104000003565
1104000003564
1104000003571
1104000003570
1104000003569
1104000003576
1104000003575
1104000003574
1401000000467
1401000000469
1401000000468
1107000000292
1107000000291
1107000000290
1107000000289
1107000000288
1107000000282
1107000000281
1107000000280
1107000000279
1107000000278
1107000000287
1107000000286
1107000000285
1107000000284
1107000000283
1103000002267
1103000002266
1103000002265
1103000002264
1103000002263
1103000002277
1103000002276
1103000002275
1103000002274
1103000002273
1103000002272
1103000002271
1103000002270
1103000002269
1103000002268
8935281500531
1402000000378
1402000000377
1402000000376
1107000000325
1107000000324
1107000000317
1107000000316
1107000000315
1107000000314
1107000000302
1107000000301
1107000000300
1107000000299
1107000000307
1107000000306
1107000000305
1107000000304
1107000000303
1107000000297
1107000000296
1107000000295
1107000000294
1107000000293
1403000000046
1403000000048
1403000000047
1401000000497
1401000000499
1401000000498
1401000000458
1401000000460
1401000000501
1401000000502
1401000000500
8935281501071
8935281501064
8935281501057
1401000000473
1401000000474
1401000000475
8935281500937
8935281500951
8935281500944
